919074795680
918138099495
918086741066
916235951518
919744387381
919778163168
919539497640
919778176932
919400766132
917892231582
917736585897
916307315097
919656491833
918433341292
919008235409
919207288993
917356538306
917594800730
919946913275
919151756966
918086854478
918281843493
918590453413
919778191859
919605609332
917736357996
917994607735
919562236093
919744243862
917012769764
917012225086
916282593873
919037683867
919446461002
918075063376
919188151419
917994148201
917994147565
919961467225
917560835909
918147501345
919400165811
919207962215
917034174060
918355943068
919962080860
919207264201
919526029905
919747599050
917559093766
919061476721
919074392495
919605796824
917306574315
917012555369
919384471389
919847116552
917356947306
919048621024
916238978358
919846844413
917356373913
919562319036
919562856112
919567986225
919946206007
919847885918
919995704726
919947430833
916238128388
919037497177
919061375166
918547489417
918137070803
919778080770
919567749025
917592030081
918921936055
918590721355
919495167968
919961443423
919745576740
919947494353
919778794731
917306354715
919656708300
919900433032
917356421001
916238380497
919562724025
919526233783
917356419667
917994883373
918590640717
916282605138
919072413566
918088054379
919616922015
919746952486
919791852033
916366185358
918086079702
